# Created by Octave 4.0.3, Tue Apr 04 22:43:46 2017 EEST <juho@juho-U32U>
# name: all_theta
# type: matrix
# rows: 10
# columns: 401
 -3.244874275462282 0 0 8.65946427453252e-05 -0.000800170532321785 -0.000872026686296198 0.001402843038537447 -0.01730760327054362 -0.001022355730844934 0.0005504917308280373 0.000471848692756934 6.997043471424952e-05 0.0003947350681981651 0.001758256618088891 0.001520003290449777 0.004197050981337685 0.005520044788751996 0.0004653257049137968 -7.875394953924856e-05 -9.042130272357393e-08 0 -1.634901751191623e-08 9.356246216448476e-06 -0.001099251804931259 0.00910475796829553 0.01044650737247843 0.001987199589110362 -0.02318327148487047 5.707137542226249e-05 0.0006163438186648453 -0.009252829877468401 -0.001170113616383466 -0.004388147634935106 -0.01920869513188518 -0.01127587579359462 -0.03781692049010543 -0.05176278140718563 0.006054609482189714 0.009488931302973404 0.0003157810677462872 0.00016877785567819 1.322563291585934e-07 -0.0002796298269811924 0.0003086387982961369 0.02625943164172042 0.06460248906271959 0.09587826363723226 0.09452409274891757 -0.05684510916455095 -0.08661396248140503 -0.02286017828112161 -0.03819561296717519 -0.005293471283503772 -0.05951481119439912 -0.1686143752415195 -0.2746213061205021 -0.2128705382293719 -0.04448371216417043 0.05042397357495719 0.0007035020611922489 -0.0003882751605244745 6.665074323285349e-07 0.001332180770017052 0.004803090799773193 -0.1654787303672371 -0.6032785865787589 -0.9389859226697213 -1.27267460510537 -0.7512237165782292 -0.8297757260798054 -0.07693983334724599 0.336849531376753 -0.1099511835911419 -0.001431943942706248 -0.5252692934409935 -0.7075227451025493 -1.066825659564353 -1.443133870178001 -1.38425976560544 -0.03222286610899056 -0.01719788404059943 1.474072731749221e-06 0.006742001946598853 -0.05073757271144284 -0.1594701025729482 -0.4492536690365858 -2.973109101627102 -2.280872969044713 0.005998550427238676 1.383903478649755 2.065151483838167 0.007886499391256872 -0.5021187126789199 0.1049997817609535 -1.029049457283456 -1.071785895144928 1.826248693308822 0.183454119459345 -1.27728034454677 -0.236847373666245 -0.03884204188103006 -1.710773983985154e-05 -0.01560205934443647 -0.1261693644442672 1.559758085659564 0.1034748381766001 -0.7963964830493149 -1.475790361515554 -0.8362626940169753 2.308365425201884 1.51905178834156 -2.054679931726163 -1.266532040226511 -0.1368898140123078 -1.581988817062365 -1.624909710782096 3.896453948635112 0.9368036730182945 -3.197708726901726 -0.6779833074296288 -0.04488692723123182 -0.0001549464698390545 0.01391164629878576 -0.7964759702828262 -0.342184587761143 -0.5685029355573499 -1.419121504659639 -0.6284732045488279 -1.025555835117315 -0.621003941884778 -1.177951102411035 -0.9805310166258553 -0.668190512377591 -0.1889229191820467 -0.875911854597343 -1.81591555153722 -1.882612712297889 -0.02351113599139099 -1.787194774552974 -1.117186244715821 -0.02883247713312169 -0.0008268820991613417 0.04781882411171031 -1.575422962501426 -2.696987573278859 -0.8512169597527298 -1.061126969242754 0.08310981532218253 -0.7921415827072811 0.7644959454292251 -2.24229581818745 -2.274120428370815 -1.207334379723085 -2.30697352641075 1.461128632706763 2.255547846932302 -0.8801645415295191 -0.04876805336259886 0.03093583263310126 -2.50017702060415 0.0003401987880476148 0.02013372166030536 -0.2480687721082912 -1.22735677738888 -0.5421663735796325 -1.837679793546135 -1.341195228481072 0.2063551362617745 0.1090767831423197 -0.3981131306357501 -2.17611900655566 -0.4706090471531521 0.6541325038692186 -0.8172801205722163 -1.941299840442837 0.5315104373250649 -0.1401158354211193 -1.004815025300027 -1.583940137061595 -2.939759726585732 -0.4404434514889987 0.04163879784006984 -0.4730761980643563 -0.2247765263942207 -0.7131739217165916 -0.8760159031246118 -0.4077041001804425 -0.2487371594859783 0.1890468430240393 0.4712619473546113 0.4928279056711292 1.101955565607422 0.6882815703825484 0.9742901294129503 0.705829311798958 0.1675374695317781 -1.459967294567397 -0.2215434530300887 -0.259586239761018 -2.155671985838878 -0.1254711124176791 0.02731005923782292 -0.2609044800761087 0.7330188211185574 -1.449230128988305 -2.414571016668552 0.3360511215837387 -0.4302595693994694 0.5668487684192564 2.973706638881632 2.978796560200224 2.095952022456111 2.395326504786265 -0.05112578411597543 1.317599705989219 -0.06533175940345803 0.1170430824128816 -0.2750040821332297 -1.560934970326086 -1.659719129049532 0.04716356271766888 0.007979610209710154 -0.1581195668065542 0.4991942539884771 2.1373710498122 0.6205953838029479 -0.5398101969906223 -0.9525545474073142 1.893867531049339 1.34956950997376 0.4791009469880348 -1.013690253353795 0.1732098606986488 -1.907844408662295 -1.172404571459791 0.6519151486291926 0.8894425728939886 0.8374503425962819 -2.753954813464394 -1.843062701111303 -0.05394268445537868 0.02178767161396919 -0.185004982903209 -2.322475117932071 -2.823212594504783 -1.51730925038906 -2.055731473806343 -0.4420162093938694 0.0386346051453327 0.1329885537426085 0.1092719813346895 0.8853100759422152 1.149220239327789 -0.9309803738837005 -0.7801844893211402 -1.215947746047601 -1.220290408288965 2.226403987504881 0.702079043254035 -0.8859878399436922 -0.1157810107714351 0.01740477444532949 -0.2388008448393046 -0.8971222925879181 1.498860322947956 0.6538260627146458 1.872938507966796 -0.8777226391677799 -1.240248516373974 1.2880229892341 -1.391881905603371 -1.293880904672191 -2.492239158032106 -1.332660974781248 1.27973156237057 1.66019840277269 -0.8251672986086823 1.220279803220717 0.3368736496969943 -0.7537921948824152 -0.03735978159364919 0.002482996784235919 -0.01631313230892386 -0.531917402800228 -0.6057876395225045 -0.216422106481832 -0.5475658977696435 -1.034955052000749 -0.7181870225968068 -2.326806225889583 -2.092364762261848 -1.081200662163689 -1.940310219091264 -1.363432527140449 1.858488585539342 -0.8724053536576877 -0.2655233005747172 2.166037408002719 -1.196569626122182 -0.6685964897750252 -0.03955820036936984 -0.0001589118270028867 0.0172709436178103 -0.1602663127037023 -1.215081371074959 -1.134074197135286 0.9946471240933979 -0.3375024229620725 -1.457458236243481 -1.212664781064146 -0.9108340945579577 -1.284943168431459 -1.662258717720742 -1.559993333569152 -1.399130188413051 -0.6468294814991857 0.546772382738461 0.1138981110910388 -1.395788860132077 -0.01568858172506555 -0.008077271000304097 -1.231383426046592e-05 -0.01208184167232645 0.08369606258950917 0.6740111803750157 -0.9938937963520716 -0.9934763599946933 -1.18859582394206 -0.9504120683535774 -0.4503446481310303 -0.3115634827712719 -0.1823505619476438 -0.3225689970211487 -0.8817113127049413 0.2690825071635012 0.7867151635402632 0.1693069693868566 -0.5846988454403954 -0.431207655694444 -0.01297453193264597 -0.006527807131288421 9.483077784660031e-06 -0.005932001025390021 0.04049257103583478 0.3623102629564589 -0.9658631428089367 -1.367232971442862 -0.7022111091505825 0.009387683437466815 -0.0123094738342331 -0.2659025093660118 -0.04084362338668913 -0.1161358621536812 -0.3267306760579458 0.5152709069896848 2.409195329559402 2.657270318186952 0.6171731132692044 -0.2212188787003409 -0.01340797740923403 0.0002901187506783044 -3.317540252581796e-07 0.0007640815956689829 0.002659539876396271 -0.09575260032016258 -0.3692138842984599 -0.1390743887834372 -0.1629683617912461 0.6420301633808059 0.4856218079883429 -0.1287005192477752 0.2545025968559816 0.03298305822347136 -0.1035334127335382 -0.001861159028947821 0.5176414548362789 1.690173836098514 0.4427236177006675 -0.04497373272818126 0.0007761553134045037 8.008127484395016e-05 0 -4.392348688358649e-05 0.001087352357699992 -0.005897830243174662 0.009068508397646845 -0.005180953371778431 0.005998436823661652 -0.06119620782062739 -0.05417358186730761 0.004147232929320419 0.04526462323496055 0.001651844414678088 0.06217116319014641 0.3227862125611879 -0.0146455939698868 -0.1541579474718064 -0.03847780618041282 0.004766986276535389 